Predicted_y
14.64047112
16.5362475
7.576665823
12.64500003
15.46999997
14.15000003
12.35000001
14.98999998
12.715
10.15500002
15.18413501
9.050000037
8.115000013
7.325000002
9.530000004
17.03499995
10.57999998
9.252665433
5.780000024
15.45499995
11.87499996
10.78703826
9.214999916
12.67499999
13.93633258
12.99000001
15.37000003
6.016372621
13.93499997
9.579999992
13.03999996
6.495975081
13.9
11.48965457
10.78928508
12.72608423
10.47000002
6.519999997
8.425000003
11.78999997
5.695000037
16.38999998
9.69500002
10.21278121
15.82829736
10.53
10.78999997
12.065
10.42741478
12.18428612
11.35000004
9.865000011
15.36499997
13.16000003
9.600000027
9.230000013
13.06298614
12.675
7.714999995
14.74499999
14.26999998
6.140000037
7.365000019
10.97481394
6.035000034
11.79346657
4.665000051
12.20499999
6.24577486
7.021090834
11.735
12.38999997
11.755
12.97740667
13.93999998
10.82500002
12.84000001
11.55566993
11.58150007
6.760000024
12.45362478
10.84000001
9.460000012
10.51500001
11.525
11.34499997
6.080557116
12.54
7.775645532
16.42999994
11.10327068
10.55506277
11.34499997
8.175000005
15.2444834
5.085000447
10.39276956
12.62500002
13.315
14.18500005
11.795
12.32000002
14.12078939
11.0133405
8.878371882
16.01999999
7.829999996
11.44853887
12.46000001
9.660000063
9.105000001
9.214908524
14.65000002
5.110000043
13.94499998
12.03999997
15.1313037
9.689999969
13.45999995
14.135
13.23500001
5.796532145
14.865
7.635000021
9.675000005
12.58999998
11.35499998
11.35237345
15.80639558
11.72000001
14.25999996
12.275
13.67500001
14.92
12.59499998
2.265000235
12.63895811
7.45930214
4.735000004
6.950226996
13.58000001
7.404917874
9.734999999
2.740000055
5.753504624
7.492345424
5.437319573
11.72522434
4.220000017
8.535000024
8.530000016
7.042461711
7.934076268
9.880000008
15.72999996
11.34000002
13.59396428
12.22000004
11.27121643
5.810732365
16.70499995
16.68535041
13.87441726
9.515000046
8.030000009
10.67242774
3.975000042
14.80499996
15.65499997
13.38999999
7.21500003
14.92999997
8.740000008
12.98999998
13.13514705
9.509999989
14.18906802
12.67167417
6.550000012
7.680000066
10.06067181
14.36
14.66499998
13.78890864
11.14499998
11.58
13.65999996
11.64262068
13.63480873
15.59999998
12.41167493
15.31498878
9.849999994
14.29999992
8.987245083
6.220000045
12.63042891
10.78593202
14.37999997
14.13499999
13.09499995
13.06533717
13.60779364
10.19500002
11.40499998
7.906076284
14.15999997
8.554999989
11.9
15.54499999
11.97499994
16.09000001
12.93000004
8.374913931
9.681443684
12.56520954
6.881551906
7.31698497
9.500000014
10.61499997
11.35902982
8.329999985
9.72933478
6.856829551
10.75500001
12.43499995
7.434999991
12.05999999
9.20499997
8.947186714
6.5079833
10.25999981
4.661687016
10.60999996
12.64500001
11.92999996
9.58999995
6.060000039
6.070000006
8.171430172
8.62500001
13.08499996
6.325000008
6.515000003
7.125000012
13.62499994
13.16999996
4.955000026
7.295000005
11.425
16.41999996
8.702677392
8.044999998
11.56499994
8.020000124
10.97499996
11.53359493
9.59420978
11.00999996
7.925000027
11.68347878
11.27000002
11.56166647
5.01499999
11.04999998
